21
1 3.8712500000000003 4.724035 6.451585
2 3.8936800000000003 3.7871449999999993 7.431515
3 5.073860000000001 3.0740749999999997 7.727374999999999
4 6.23683 3.3415549999999996 6.977385
5 6.155130000000001 4.310695 5.971535
6 4.96065 5.0143249999999995 5.728175
7 2.98843 3.5684249999999995 8.016485
8 5.083220000000001 2.3164849999999997 8.528825000000001
9 7.1765300000000005 2.8024749999999994 7.172495
10 7.048080000000001 4.540274999999999 5.366765
11 4.127820000000001 3.2950749999999993 2.8070649999999997
12 5.822760000000001 3.5744649999999996 2.408185
13 5.75868 4.181455 1.4711749999999997
14 6.26316 4.1486149999999995 3.2504049999999998
15 6.377490000000001 2.6311049999999994 2.242285
16 3.7063600000000005 6.936475 4.947965
17 4.89536 6.049275 4.636545
18 3.6342600000000003 7.683515 4.131005
19 2.8234700000000004 6.266184999999999 4.992875
20 3.9163600000000005 7.401554999999999 5.933225
21 3.82174 4.440465 3.0396549999999998
