21
1 3.857972360000005 4.8916652050000025 6.438349275
2 3.8274432099999984 3.8146057949999985 7.251570935000004
3 4.944567460000002 3.046381965000002 7.553155924999999
4 6.174165040000005 3.410853115000002 6.9847721650000025
5 6.227980670000001 4.519504715000004 6.153705715000001
6 5.03269435 5.220834715000002 5.912021215000003
7 2.85264136 3.573568635000001 7.669697405000001
8 4.856254200000002 2.1855304649999994 8.207030455000002
9 7.073869309999999 2.8380370150000047 7.191724685000004
10 7.14735864 4.857719265 5.6874768250000045
11 3.464334110000003 3.2762060250000005 2.944527954999998
12 5.225173160000004 3.6983683150000033 2.822694955000003
13 5.522642380000001 3.5024812050000023 1.7929695449999983
14 5.401751150000003 4.748265185000001 3.0467249350000003
15 5.82766084 3.0763418149999993 3.4825786649999984
16 3.8947209200000046 6.987334664999999 4.838109915000004
17 5.117980960000004 6.285083204999999 5.084542705000004
18 4.174518070000005 7.814469535000001 4.189528305000003
19 3.168160350000001 6.343605015000001 4.340518334999999
20 3.464596780000001 7.357635795 5.769176354999999
21 3.3038443100000023 3.654905795000005 4.223408345000003
