21
1 3.6327599999999998 4.555055 6.61311
2 3.8793599999999997 3.6861250000000005 7.608439999999999
3 5.14161 3.0950250000000006 7.837129999999999
4 6.21488 3.4326350000000003 6.97033
5 5.95602 4.332585 5.92146
6 4.6504199999999996 4.835805000000001 5.8354099999999995
7 3.0286199999999996 3.4529650000000003 8.248429999999999
8 5.287999999999999 2.4013750000000003 8.65226
9 7.19571 3.0094150000000006 7.104369999999999
10 6.7238999999999995 4.624675000000001 5.221299999999999
11 4.2536 3.9836750000000003 3.0963199999999995
12 6.01727 3.7083550000000005 2.3699399999999993
13 5.9956 3.324835 1.3477399999999995
14 6.6056799999999996 4.627385 2.3284999999999996
15 6.62162 3.0010450000000004 2.9373599999999995
16 3.8362799999999995 6.963155 4.90152
17 4.63352 5.702845000000001 4.656509999999999
18 3.8203199999999997 7.598625 4.013599999999999
19 2.8042899999999995 6.737135 5.178019999999999
20 4.26472 7.537975 5.726249999999999
21 4.081379999999999 4.897625000000001 2.1726999999999994
