  5 47  2  2.5000   5.0000  45.0000
  5 47  2  2.5000   5.0000  45.0000
  5 47  2  2.5000   5.0000  45.0000
  5 47  3  0.2500   0.1000   7.0000
  5 47  5  0.2500   0.0050   3.0000
  5 47  7  0.1000   1.0010   3.0000
  6 70  1  0.1000 
  6 70  2  5.0000 
  6 70  3  0.1000 
  6 70  4  0.2500 
  6 71  1  0.1000 
  6 71  2  5.0000 
  6 71  3  0.1000 
  6 71  4  0.2500 
  6 72  1  0.1000 
  6 72  2  5.0000 
  6 72  3  0.1000 
  6 72  4  0.2500 
  3  8  1  1.0000    80.0   250.0    !H-S bond
  3  8  4  0.0250    -1.0    1.0
  3  8  8  0.0250     0.05   1.0
  3  8  9  0.0050   0.01  20.0
  3  8 13  0.0010     -0.01  -0.20
  3  8 14  0.0250     4.5   8.0
  6 27  1  0.1000 
  6 27  2  5.0000 
  6 27  3  0.1000 
  6 27  4  0.2500 
  3  7  2  1.0000    10.0   250.0
  3  7  1  1.0000    80.0   250.0    !C-S bond
  3  7  4  0.0250    -1.0    1.0
  3  7  8  0.0250     0.05   1.0
  3  7  9  0.0050   0.01  2.0
  3  7 10  0.0010     -0.5  -0.1
  3  7 11  0.0250     7.0   15.0
  3  7 13  0.0050     -0.07  -0.20
  3  7 14  0.0250     4.5   7.0
  4  4  1  0.01                       !C-S off diagonal
  4  4  2  0.01        
  4  4  3  0.01
  4  4  4  0.001
  4  4  5  0.001
  4  5  1  0.01                       !H-S off diagonal
  4  5  2  0.01
  4  5  3  0.01
  4  5  4  0.001
  4  5  5  0.001
  3  8  1  1.0000    80.0   250.0    !H-S bond
  3  8  4  0.0250    -1.0    1.0
  3  8  8  0.0250     0.05   1.0
  3  8  9  0.0050   0.01  20.0
  3  8 13  0.0050     -0.01  -0.20
  3  8 14  0.0250     4.5   8.0
  5 21  1  1.0000   5.0000 100.0000    !C-C-S equilibrium angle
  5 21  2  0.2500   5.0000  45.0000
  5 21  3  0.2500   0.1000   7.0000
  5 21  5  0.2500   0.0050   3.0000
  5 21  7  0.1000   1.0010   3.0000
  5 22  1  1.0000   5.0000 100.0000    !C-S-C equilibrium angle
  5 22  2  0.2500   5.0000  45.0000
  5 22  3  0.2500   0.1000   7.0000
  5 22  5  0.2500   0.0050   3.0000
  5 22  7  0.1000   1.0010   3.0000
  5 23  1  1.0000   5.0000 100.0000    !H-C-S equilibrium angle
  5 23  2  0.2500   5.0000  45.0000
  5 23  3  0.2500   0.1000   7.0000
  5 23  5  0.2500   0.0050   3.0000
  5 23  7  0.1000   1.0010   3.0000
  5 24  1  1.0000   5.0000 100.0000    !C-S-H equilibrium angle
  5 24  2  0.2500   5.0000  45.0000
  5 24  3  0.2500   0.1000   7.0000
  5 24  5  0.2500   0.0050   3.0000
  5 24  7  0.1000   1.0010   3.0000
  5 25  1  1.0000   5.0000 100.0000    !C-S-S equilibrium angle
  5 25  2  0.2500   5.0000  45.0000
  5 25  3  0.2500   0.1000   7.0000
  5 25  5  0.2500   0.0050   3.0000
  5 25  7  0.1000   1.0010   3.0000
  5 26  1  1.0000   5.0000 100.0000    !H-S-H equilibrium angle
  5 26  2  0.2500   5.0000  45.0000
  5 26  3  0.2500   0.1000   7.0000
  5 26  5  0.2500   0.0050   3.0000
  5 26  7  0.1000   1.0010   3.0000
  5 27  1  1.0000   5.0000 100.0000    !H-S-S equilibrium angle
  5 27  2  0.2500   5.0000  45.0000
  5 27  3  0.2500   0.1000   7.0000
  5 27  5  0.2500   0.0050   3.0000
  5 27  7  0.1000   1.0010   3.0000
